25160201182300000100650010000379091000379094
25160201182300000100650010000372261000372262
25160104172287000198651070000238691576031830
25160222346912000233650010000031591348705980
25160201765332000120650440000113681000230354
25150945543915044120650010000292201118199306
25150945543915044120650030000349439704806380
25150945543915044120650110000302561042844029
25150845543915044120650090000357561298768161
25150845543915044120650090000357551852377481
25150845543915044120650090000357541405986812
25150845543915044120650110000279141595886151
25150845543915044120650110000297231116614927
25150945543915044120650110000348809153319331
25151045543915044120650110000366421693686433
25150845543915044120650170000506991285731042
25150845543915044120650170000511651303785004
25150845543915044120650170000477761485791749
25150845543915044120650200000279681718498596
25151045543915044120650200000345421290787678
25151045543915044120650220000535321142463083
25141145543915044120650230000016371144840740
25141145543915044120650240000015081006834506
25150847508411114593650060000297951000611195
25150847508411114593650060000297961000611206
25150807170943006495650190000019181193247758
25150833014556055926655010000428271060852385
25150933014556002644655030000503981983144758
25150533014556105532655020000225461418997749
25150933014556105532655040000349601334372986
25150933014556105532655030000386911037428687
25150807309087000122651160000012531261027620
25150807309087000122651150000021841224778226
25150807309087000122651150000021831729509241
25150907309087000122651120000028791998364900
25150907309087000122651120000028781362021118
25150907309087000122651100000066131489891522
25150907309087000122651100000066121525171884
25151007309087000122651070000111721369101811
25151007309087000122651140000172811535830383
25150804172287000198651490000068851340043476
25150904172287000198651090000220001563232740
25150801098983030525650010000262921064315598
25150201098983030525650010000103211056030157
25150808330367000185650010000078261000078263
25150808330367000185650010000078271000078279
25150808189400000107651090000143531301716200
25150808189400000107651090000140051291448400
25150808189400000107651090000141811300923567
25150947508411164930650130000324211000337615
25150947508411164930650130000324221000337620
25150963503007003161650010000019241000019247
25151063503007003242650010000154651000154659
25151013004510025335650330000177781657661578
25150940960809000180650020000040981015744180
25150907170943006495650170000064211173031077
25151001182300000100650010000006061000006061
25151001182300000100650010000044741000044742
25151001182300000100650010000026471000026471
25151001182300000100650010000057531000057535
25151001182300000100650010000045821000045827
25151001182300000100650010000049071000049072
25151001182300000100650010000070291000070294
25151002742263000100650030000031271000031278
25151083729004014001650010000026571000078722
25151083729004014001650010000026581000078746
25151007285614000106650010000001401000001401
25151035434844000125650080000016019000047895
25151035434844000125650080000016029000047922
25151035434844000125650080000036071000107623
25151019407175000146650010000009351000009350
25151019407175000146650010000009361000009365
25151007835328000177650090000364251000364255
25151024285108000136650010000042031479838807
25151007835328000177650090000364261000364260
25151010649601000264650020000014251259569608
25151010649601000264650020000014241220711619
25151010453905000170650010000022651904416090
25151023221017000174650010000014731000014739
25151009143892000154650030005085641553746355
25151007909165000120650010000003931000003932
25151006197427000108650010000003791000003790
25151006197427000108650010000000971000000971
25151008451727000105650030000031981020242076
25151008451727000105650030000036451020246610
25151008451727000105650030000036461020246625
25151008039087000112650010000070041000070046
25151247508411032007651250000361741000770097
25151204449756000173650010000035181000035180
25151245543915044120650230000481321079215635
25151245543915044120650420000581881465253425
25151202742263000100650030000059691000059695
25151107170943006495650080000125931080449882
25151007104084000152650010000013761583475593
25160101765332000120650050000587861004566176
25160107309087000122651020000242521633539309
25151001182300000100650010000087531000087535
25151008330367000347650050000144101000144102
25150908330367000347650060000106781000106788
25150900289351000164650010000275641002130370
25151133200056028078650190000074361000074361
25160145543915044120650020000405971151284969
25151004209860000190650010000135331465941749
25160102742263000100650030000065511000065516
25151001857272000175651250000196751000632415
25151033014556021193655090000316249858368027
25151021249571000134650010000177531000177535
25151201182300000100650010000194081000194084
25151201182300000100650010000198001000198008
25160110365639000124650010000251871000251878
25151020846252000143650010000012571000012577
25151035434844000125650080000031731000094600
25160147508411114402650620001029881001866864
25160102343543000137650020000238771461947133
25160192754738012179650320000175411817165499
25160100431274000569650070000052049000052045
25160107309087000122651130000168421912244961
25160145543915044120650170000783361184780815
25160202742263000100650070000052811000052810
25150911372084000100650370000071671001793704
25150911372084000100650370000071681001793710
25150811372084000291651280000060449000061098
25150811372084000291651280000060459000061109
25150811372084000534650490000064269007220595
25150801857272000175651250000034921000470330
25150801857272000175651250000034931000470345
25150801857272000175651250000034941000470350
25150801857272000175651250000034911000470324
25150811372084000534650490000064259007220580
25151001857272000175651250000151351000586994
25150800378736000106651160000048411001893790
25150800378736000106651160000048401001893785
25150801765332000120650440000013689000129701
25150801765332000120650440000029949000146018
25150801765332000120650440000029959000146023
25150801765332000120650440000029969000146039
25151001765332000120650410000203281001028174
25151001765332000120650050000237161004214090
25150901765332000120650050000111141004088028
25150809141763000399650110000049981004199070
25150809141763000399650110000049971004199065
25150809141763000550650150000065961005343969
25150809141763000550650150000065951005343953
25150811701535000106650200000133211000184437
25150811701535000106650200000133221000184442
25150903604229000123650040000064081004672510
25150903604229000123650040000064091004672526
25150807176121000138650210000018529000469227
25150807176121000138650210000018539000469232
25150941123266000109650010000068661000686617
25150941123266000109650010000068671000686711
25150908429323000107650010000092691227101092
25150801720637000115650010000127721672667760
25150901720637000115650010000167011600280282
25150809062603000192650010000047251628890970
25150805725563000160650010000016601669891690
25150805725563000160650010000016831654741403
25150905725563000160650010000027721912542971
25150907686979000142650010000071831620291650
25150908697211000137650060000024801350848980
25150806137380000197650010000114221465076360
25150907063185000203650010000056041998794784
25150905366353000123650010000328661529261849
25150808932269000118650010000149311002116344
25150902561589000122650010000568361435802238
25150845543915044120650420000435111789335140
25151233014556002644655010000562441189419415
25151204172287000198651020000373551270564450
25151202742263000100650070000005801000005801
25151221428661000192650020000031801635376200
25151203185546000152650010000195211000195211
25151220218207000144650020000057961558701927
25151215640514000189650010000056961386537565
25151220218207000144650020000058361697658904
25151208433548000137650020000158911398507223
25151209249182000103650010000311371000311370
25151218369167000190650010000041091235269380
25151212684155000173650010000344601000344608
25151209263808000136650010000054211793871480
